% Model:              CantileverBeam_Success.mph
% Version:            COMSOL 6.1.0.357
% Date:               Jun 14 2024, 21:41
% Dimension:          2
% Nodes:              183
% Expressions:        6
% Description:        Displacement field, Y-component
% Length unit:        m
% Eigenvalues:        [17.688, 111.22, 312.76, 625.77, 1073.1, 1077.4] Hz
% X                       Y                        v2 (m) @ lambda=1        v2 (m) @ lambda=2        v2 (m) @ lambda=3        v2 (m) @ lambda=4        v2 (m) @ lambda=5        v2 (m) @ lambda=6
0.026546908947344645      0.0127                   1.2282710387057002E-9    7.597581773674605E-9     2.1157909641259932E-8    4.4779524483933456E-8    6.954587840196805E-8     1.7717723632019422E-15
0.053093817894689296      0.0127                   4.843459736521605E-9     2.8858164286347087E-8    7.747217977214835E-8     1.5719970582693497E-7    2.32591079956621E-7      5.924567917766426E-15
0                         0.0127                   0                        0                        0                        0                        0                        0
0.07869417214402433       0.0127                   1.0506831612518153E-8    6.046149951274979E-8     1.5650747975997334E-7    3.0364303605102806E-7    4.250126929308593E-7     1.0823959055667442E-14
0.10429452639335937       0.0127                   1.8224608089065237E-8    1.0114092901455021E-7    2.514300533726893E-7     4.625636035551919E-7     6.033255623764082E-7     1.5362092214894905E-14
0.11990685670874342       0.0127                   2.390907005159029E-8     1.2973508890668145E-7    3.140926499995577E-7     5.570064126526599E-7     6.896091629697435E-7     1.755704513932911E-14
0.1355191870241275        0.0127                   3.030905258006812E-8     1.6064989244294816E-7    3.7797093281787424E-7    6.431876549373967E-7     7.488500769364128E-7     1.906366848221606E-14
0.14356001658644088       0.0127                   3.3878770444253516E-8    1.7735647919234737E-7    4.108300316614022E-7     6.83074866536838E-7      7.671302331137271E-7     1.9528585526733586E-14
0.15160084614875424       0.0127                   3.7630907526289444E-8    1.945208123667334E-7     4.433511563589056E-7     7.191987334599673E-7     7.763934186233251E-7     1.97644259051897E-14
0.1559810694573374        0.0127                   3.9750750089636967E-8    2.040450435169117E-7     4.608500052684756E-7     7.371335334407145E-7     7.775201082006362E-7     1.979339759042902E-14
0.16036129276592057       0.0127                   4.192357763404395E-8     2.1368087576623224E-7    4.781523192240004E-7     7.537521569768315E-7     7.758396625291334E-7     1.9751148394758126E-14
0.16226512143642016       0.0127                   4.2884397421259296E-8    2.1790167392317977E-7    4.856030993198587E-7     7.605490882555145E-7     7.742282618295709E-7     1.971047457321846E-14
0.16416895010691973       0.0127                   4.3855117180180166E-8    2.2214125963581924E-7    4.93007931010457E-7      7.670807876551355E-7     7.720818952045626E-7     1.965623786572072E-14
0.16458447505345986       0.0127                   4.4068296991970445E-8    2.2306901090979492E-7    4.946177250219582E-7     7.684706551632441E-7     7.715422660622455E-7     1.964260792570967E-14
0.165                     0.0127                   4.428194647601304E-8     2.2399761698245838E-7    4.962251784554613E-7     7.698476174836052E-7     7.709771361149682E-7     1.9628330703854426E-14
0.16535659354269655       0.0127                   4.4465669556276804E-8    2.2479520053227805E-7    4.976027697506392E-7     7.710189681322831E-7     7.7047182353119E-7       1.961556692498117E-14
0.16571318708539307       0.0127                   4.464973806204776E-8     2.2559340378219803E-7    4.989786004153504E-7     7.721807503317303E-7     7.699477326383121E-7     1.960232923631734E-14
0.1660697806280896        0.0127                   4.483415177527181E-8     2.2639222219483933E-7    5.003526534646958E-7     7.733329347069947E-7     7.694048652821843E-7     1.9588614145411304E-14
0.16642637417078615       0.0127                   4.5018910477906595E-8    2.2719165123519007E-7    5.017249119554781E-7     7.744754921439543E-7     7.688432240832076E-7     1.957442644715209E-14
0.16678296771348272       0.0127                   4.52040139519156E-8      2.2799168636942587E-7    5.030953589654529E-7     7.756083936599471E-7     7.682628120535524E-7     1.9559759509429147E-14
0.1671395612561793        0.0127                   4.538946197927427E-8     2.2879232306610664E-7    5.044639776143096E-7     7.767316105339249E-7     7.676636329788526E-7     1.954462018321999E-14
0.16749615479887583       0.0127                   4.5575254341963874E-8    2.2959355679498768E-7    5.058307510428062E-7     7.778451141766955E-7     7.670456910359466E-7     1.952900359633501E-14
0.16785274834157238       0.0127                   4.576139082197785E-8     2.3039538302822616E-7    5.07195662433867E-7      7.789488762614545E-7     7.664089911739709E-7     1.9512914547544204E-14
0.1682035108623708        0.0127                   4.594481910732416E-8     2.3118467144772842E-7    5.085364218662207E-7     7.80025058338541E-7      7.657644074824887E-7     1.9496624043373325E-14
0.16855427338316922       0.0127                   4.612857992958816E-8     2.3197452446702163E-7    5.098753474629475E-7     7.810917609754099E-7     7.651016852921413E-7     1.947987696350661E-14
0.16882993760002363       0.0127                   4.6273230763509815E-8    2.3259566325964794E-7    5.109263115966966E-7     7.819234128011821E-7     7.645681269794628E-7     1.9466397930622457E-14
0.16910560181687806       0.0127                   4.641808675623023E-8     2.332171460235427E-7     5.119761255337212E-7     7.827491806778696E-7     7.640233727533114E-7     1.94526353082973E-14
0.16930280090843905       0.0127                   4.6521836725481164E-8    2.336619396762202E-7     5.127264102110345E-7     7.833362846536692E-7     7.636268101517599E-7     1.9442621676515934E-14
0.1695                    0.0127                   4.662569159422332E-8     2.341069075199021E-7     5.134760995280931E-7     7.839203664699344E-7     7.632245212714114E-7     1.943246222462054E-14
0.170697199091561         0.0127                   4.7259244247702634E-8    2.3681660227368845E-7    5.180240001811827E-7     7.874043452914209E-7     7.606193389109977E-7     1.9366639827432436E-14
0.17089439818312196       0.0127                   4.73640169103155E-8      2.3726307072360554E-7    5.18768390506606E-7      7.879618771788696E-7     7.60167176670968E-7      1.935520838892674E-14
0.1705                    0.0127                   4.7154576223958375E-8    2.3637030261623622E-7    5.172789946664205E-7     7.868437591161445E-7     7.610657858996154E-7     1.93779269217983E-14
0.1711700623999764        0.0127                   4.751065371211563E-8     2.3788746952899804E-7    5.198079358949401E-7     7.887361223958485E-7     7.595255245351743E-7     1.9338987425362688E-14
0.17144572661683083       0.0127                   4.765749481801162E-8     2.3851219460136756E-7    5.208462660584204E-7     7.895043783031539E-7     7.58872712645433E-7      1.932248446378051E-14
0.1717964891376293        0.0127                   4.784463458122545E-8     2.393075799043518E-7     5.22165696218282E-7      7.904732495782163E-7     7.580259313746615E-7     1.930108055443911E-14
0.17214725165842776       0.0127                   4.803210475666419E-8     2.4010348579645224E-7    5.234831308924717E-7     7.914323795075118E-7     7.571611014773445E-7     1.9279219278155248E-14
0.1725038452011243        0.0127                   4.822302989051642E-8     2.409131519285059E-7     5.24820404781555E-7      7.923974429652694E-7     7.562634056931783E-7     1.9256532081291328E-14
0.17286043874382084       0.0127                   4.8414296081144374E-8    2.4172334716933977E-7    5.261555837866475E-7     7.933523876153469E-7     7.553470814143206E-7     1.9233371268061034E-14
0.17321703228651736       0.0127                   4.860590311067774E-8     2.425340670183458E-7     5.274886515665211E-7     7.942971880679627E-7     7.544121421019202E-7     1.9209745140114662E-14
0.17357362582921387       0.0127                   4.87978507612591E-8      2.4334530697745557E-7    5.288195918239416E-7     7.952318192014218E-7     7.534586019771973E-7     1.9185647053402734E-14
0.17393021937191042       0.0127                   4.899013881503733E-8     2.441570625498725E-7     5.301483882837804E-7     7.961562560291262E-7     7.524864756456598E-7     1.9161081860424008E-14
0.17428681291460696       0.0127                   4.918276705417434E-8     2.4496932924135664E-7    5.314750247151291E-7     7.970704738332088E-7     7.514957784710081E-7     1.9136045727551522E-14
0.17464340645730347       0.0127                   4.937573526083829E-8     2.4578210255894854E-7    5.327994849092958E-7     7.979744480312225E-7     7.504865262002613E-7     1.9110541044119265E-14
0.175                     0.0127                   4.956904321721049E-8     2.4659537801226214E-7    5.341217527020341E-7     7.988681543100823E-7     7.494587353366759E-7     1.9084566747680644E-14
0.1758190926822658        0.0127                   5.001435544624347E-8     2.4846534263060226E-7    5.371506026162558E-7     8.008819796246276E-7     7.470278017735238E-7     1.902312913942237E-14
0.1766381853645316        0.0127                   5.046145646529963E-8     2.503378785663371E-7     5.401676051353967E-7     8.028412144309177E-7     7.444993641667471E-7     1.895921794675725E-14
0.18208938495332805       0.0127                   5.348235655016199E-8     2.6286133391986616E-7    5.599299035489164E-7     8.144685472797182E-7     7.252065294228183E-7     1.8471351486341305E-14
0.18754058454212452       0.0127                   5.658158996471534E-8     2.75480344077439E-7      5.791030937270155E-7     8.235903504604396E-7     7.016965216126085E-7     1.7876424544973164E-14
0.1993789890552397        0.0127                   6.357807239033475E-8     3.031343798708432E-7     6.184408544481029E-7     8.344493836241387E-7     6.367283182372487E-7     1.6230800148155934E-14
0.21121739356835492       0.0127                   7.093238735170704E-8     3.3100461059349495E-7    6.542288415162994E-7     8.327296268274151E-7     5.541473654753076E-7     1.4136816966921209E-14
0.23500000000000001       0.0127                   8.675109583151448E-8     3.869162640593666E-7     7.132616228592875E-7     7.906465732302337E-7     3.463643253251563E-7     8.860486984665991E-15
0.2587826064316451        0.0127                   1.0391787680592823E-7    4.418383151024087E-7     7.529350908608701E-7     6.986214464945306E-7     1.0099796530070737E-7    2.6196384474602962E-15
0.27062101094476027       0.0127                   1.1294833924146107E-7    4.684862202188978E-7     7.647716221054541E-7     6.353387302240814E-7     -2.7618107509865402E-8   -6.556792307178985E-16
0.28245941545787545       0.0127                   1.2228919093023736E-7    4.944573698889809E-7     7.709997943978889E-7     5.618212063079292E-7     -1.5474851459148503E-7   -3.896202783720755E-15
0.2879106150466719        0.0127                   1.2669265455656068E-7    5.061528878579425E-7     7.719389321634074E-7     5.24821668199985E-7      -2.1179093746285158E-7   -5.351334982183446E-15
0.2933618146354684        0.0127                   1.3115951587742394E-7    5.176635792242189E-7     7.716466158126332E-7     4.860222529235368E-7     -2.673610046313813E-7    -6.76969855494311E-15
0.29418090731773416       0.0127                   1.3183613514006945E-7    5.193764222025743E-7     7.714957573236169E-7     4.800447633921222E-7     -2.7556206220853456E-7   -6.979098057460435E-15
0.295                     0.0127                   1.3251416609277484E-7    5.210847660322571E-7     7.713169011637147E-7     4.7403011631464046E-7    -2.8372076869560737E-7   -7.187435734947835E-15
0.2953565935426965        0.0127                   1.32809788564984E-7      5.218270803542056E-7     7.71230283428456E-7      4.714001385267078E-7     -2.872591495518115E-7    -7.277794873151576E-15
0.29571318708539307       0.0127                   1.3310567789786982E-7    5.225685305218184E-7     7.711383543453728E-7     4.687632470614648E-7     -2.907891876261949E-7    -7.367946546557605E-15
0.29606978062808964       0.0127                   1.3340183387956245E-7    5.233091130788762E-7     7.710411125308504E-7     4.661194812623007E-7     -2.943107875707629E-7    -7.457882494623342E-15
0.29642637417078616       0.0127                   1.3369825629822777E-7    5.240488245746708E-7     7.709385566659584E-7     4.6346888063133E-7       -2.978238543314971E-7    -7.54760442128175E-15
0.29678296771348267       0.0127                   1.33994944942049E-7      5.247876615612574E-7     7.708306854642233E-7     4.60811484750178E-7      -3.0132829300530403E-7   -7.637109974425384E-15
0.29713956125617924       0.0127                   1.3429189959924537E-7    5.255256205962181E-7     7.70717497703839E-7      4.581473333574033E-7     -3.0482400899016535E-7   -7.726396091259258E-15
0.29749615479887576       0.0127                   1.3458912005805355E-7    5.262626982399041E-7     7.705989921954484E-7     4.554764662701692E-7     -3.083109078385718E-7    -7.815468909740069E-15
0.29785274834157227       0.0127                   1.3488660610674583E-7    5.269988910582115E-7     7.704751678143444E-7     4.5279892346076797E-7    -3.1178889541115157E-7   -7.904315046321552E-15
0.29820351086237074       0.0127                   1.3517948656557227E-7    5.277221790726545E-7     7.703481780286132E-7     4.5015868985068775E-7    -3.1520122580824986E-7   -7.991496368978529E-15
0.2985542733831692        0.0127                   1.3547262359313894E-7    5.284446043819609E-7     7.702160398611154E-7     4.4751207406928573E-7    -3.186047539000189E-7    -8.078455834570778E-15
0.29882993760002363       0.0127                   1.357031798635591E-7     5.290117507900632E-7     7.701085788981233E-7     4.4542764525682856E-7    -3.21273350967588E-7     -8.146644569124518E-15
0.29910560181687806       0.0127                   1.3593389437855066E-7    5.295783607668622E-7     7.699979370761762E-7     4.433393169143663E-7     -3.239364133546279E-7    -8.214693383845865E-15
0.2993028009084391        0.0127                   1.3609903529821452E-7    5.299833607474853E-7     7.699168365172577E-7     4.418430286510113E-7     -3.2583804136940515E-7   -8.263287025333882E-15
0.2995                    0.0127                   1.3626425711208174E-7    5.303880848302869E-7     7.698341078232334E-7     4.403447612722246E-7     -3.277367993506095E-7    -8.311808970281706E-15
0.300697199091561         0.0127                   1.372697058558873E-7     5.328402485024136E-7     7.692878646989153E-7     4.311635553839884E-7     -3.3925512982410614E-7   -8.606155490949345E-15
0.3008943981831219        0.0127                   1.3743563518993532E-7    5.332425373014907E-7     7.691908876846119E-7     4.2964823375821094E-7    -3.4112830933425703E-7   -8.65403980783915E-15
0.3005                    0.0127                   1.3710385716308613E-7    5.32437679735649E-7      7.693832126600735E-7     4.326769466978132E-7     -3.373789698412401E-7    -8.558197635422724E-15
0.30117006239997635       0.0127                   1.3766772256263574E-7    5.338044256936347E-7     7.690525931904899E-7     4.2752674663957533E-7    -3.4374179847354377E-7   -8.720856598778083E-15
0.3014457266168308        0.0127                   1.378999673503454E-7     5.343657643075213E-7     7.689111148267013E-7     4.2540152003430626E-7    -3.4634939078095065E-7   -8.787524270911974E-15
0.30179648913762924       0.0127                   1.3819570925689848E-7    5.350792292605254E-7     7.687264904667281E-7     4.2269194853685717E-7    -3.496587690241515E-7    -8.872137646066679E-15
0.30214725165842793       0.0127                   1.3849170566999685E-7    5.357917983295413E-7     7.685367102404802E-7     4.199763926972256E-7     -3.529584447812635E-7    -8.956513829203052E-15
0.3025038452011244        0.0127                   1.3879288336234782E-7    5.365152913727491E-7     7.683384894952643E-7     4.172096000952677E-7     -3.563029388586892E-7    -9.042032446286147E-15
0.3028604387438209        0.0127                   1.3909432367406138E-7    5.372378517978525E-7     7.681349390955983E-7     4.1443670478952524E-7    -3.596372251422143E-7    -9.127299899204475E-15
0.3032170322865174        0.0127                   1.393960263938101E-7     5.379594762326139E-7     7.679260586303007E-7     4.116577483890062E-7     -3.629612132271904E-7    -9.21229597797517E-15
0.3035736258292139        0.0127                   1.396979913103041E-7     5.386801613104639E-7     7.677118477526285E-7     4.088727726430436E-7     -3.6627481307240316E-7   -9.29703527344609E-15
0.30393021937191045       0.0127                   1.4000021821227186E-7    5.393999036676726E-7     7.67492306148167E-7      4.0608181937118543E-7    -3.6957793482265976E-7   -9.38150142166248E-15
0.3042868129146069        0.0127                   1.4030270688847885E-7    5.401186999461922E-7     7.672674335668988E-7     4.032849305314209E-7     -3.728704889928952E-7    -9.465706125711864E-15
0.3046434064573035        0.0127                   1.406054571277093E-7     5.408365467908234E-7     7.670372297911195E-7     4.004821481510018E-7     -3.7615238628745044E-7   -9.549634716099228E-15
0.305                     0.0127                   1.4090846871878447E-7    5.415534408520636E-7     7.66801694667488E-7      3.9767351439372863E-7    -3.794235377874485E-7    -9.633296616562545E-15
0.3054729109574652        0.0127                   1.413107225730987E-7     5.425027035449618E-7     7.664811065014789E-7     3.9393977764936095E-7    -3.837449807784318E-7    -9.743830601364945E-15
0.30594582191493036       0.0127                   1.417134352243048E-7     5.434502768238811E-7     7.661511413405946E-7     3.9019592276113826E-7    -3.8804716230901425E-7   -9.853877867634092E-15
0.3130581906234807        0.0127                   1.47825035932444E-7      5.574919997744408E-7     7.600577524716279E-7     3.327412797371628E-7     -4.502797931129187E-7    -1.1447206669264216E-14
0.3201705593320311        0.0127                   1.5403862800068064E-7    5.711238557147433E-7     7.518487774883688E-7     2.7336788208659346E-7    -5.074465444400296E-7    -1.2912371511257062E-14
0.3394853978570977        0.0127                   1.71412010571878E-7      6.058463329235131E-7     7.190242500272307E-7     1.0578194708202729E-7    -6.31775055605788E-7     -1.6104965180000727E-14
0.3588002363821643        0.0127                   1.8949209162971304E-7    6.36883072694514E-7      6.712501407936125E-7     -6.574928052183397E-8    -7.048403622319612E-7    -1.7988744810998567E-14
0.4                       0.0127                   2.302192700358484E-7     6.882723798016618E-7     5.264426017840447E-7     -3.9899832277277374E-7   -6.745645350494968E-7    -1.7224711468247962E-14
0.4411997636178358        0.0127                   2.736988480835262E-7     7.174132240655437E-7     3.324589646515277E-7     -6.469156768969249E-7    -4.094152450484004E-7    -1.0400690000182707E-14
0.4605146021429024        0.0127                   2.949655968267073E-7     7.228220919215833E-7     2.2850902623751432E-7    -7.21928028401524E-7     -2.2177447302115675E-7   -5.557292720697543E-15
0.47982944066796895       0.0127                   3.1673892676839715E-7    7.225390742319225E-7     1.203032753514357E-7     -7.626741271163558E-7    -1.717671097954085E-8    -2.5994120260394857E-16
0.4869418093765193        0.0127                   3.248788334171751E-7     7.209724294829772E-7     7.98184882325358E-8      -7.686334452143224E-7    5.9564316962358215E-8    1.7322171824081863E-15
0.4940541780850697        0.0127                   3.3308181237261384E-7    7.186075877896374E-7     3.921861629809581E-8     -7.696323414328156E-7    1.355239663255996E-7     3.707661486530871E-15
0.49452708904253484       0.0127                   3.33629440378668E-7      7.1842192332994E-7       3.6518022229720924E-8    -7.695224463384726E-7    1.4052685684507152E-7    3.837989487611189E-15
0.495                     0.0127                   3.341773402225518E-7     7.182327072260888E-7     3.381752134663448E-8     -7.693905844938408E-7    1.4552232456297646E-7    3.968144178433751E-15
0.49535659354269657       0.0127                   3.3459065785215727E-7    7.180876813337157E-7     3.178132148580583E-8     -7.692766312204311E-7    1.4928404716606326E-7    4.066169530129907E-15
0.495713187085393         0.0127                   3.350041296084515E-7     7.179406348464481E-7     2.9745212158654344E-8    -7.691501927077865E-7    1.5304130536074095E-7    4.164096223677096E-15
0.4960697806280896        0.0127                   3.354177553051139E-7     7.177915672500301E-7     2.770920951099306E-8     -7.690112712029357E-7    1.5679399443498964E-7    4.261897707113452E-15
0.49642637417078617       0.0127                   3.358315347559114E-7     7.176404780377852E-7     2.5673329691102007E-8    -7.688598692137844E-7    1.6054200983164187E-7    4.359600261478048E-15
0.49678296771348274       0.0127                   3.3624546777465687E-7    7.17487366706834E-7      2.3637588848406706E-8    -7.68695989379739E-7     1.6428524707403903E-7    4.457165316643842E-15
0.49713956125617925       0.0127                   3.3665955417525124E-7    7.173322327618761E-7     2.1602003134457667E-8    -7.685196346009871E-7    1.6802360184794984E-7    4.554625136583605E-15
0.4974961547988759        0.0127                   3.370737937716413E-7     7.171750757114042E-7     1.956658870177749E-8     -7.683308079091608E-7    1.717569699234888E-7     4.651951558342098E-15
0.4978527483415724        0.0127                   3.3748818637786296E-7    7.170158950714875E-7     1.7531361704674928E-8    -7.681295125965611E-7    1.7548524724074909E-7    4.749161361674189E-15
0.4982035108623707        0.0127                   3.378959519280704E-7     7.168573426640696E-7     1.5529613302191332E-8    -7.679193477313897E-7    1.7914749226699404E-7    4.8446473434988695E-15
0.49855427338316927       0.0127                   3.383038651682346E-7     7.166968313912571E-7     1.3528077263447389E-8    -7.676971255025722E-7    1.8280461227608192E-7    4.940018429079037E-15
0.49882993760002364       0.0127                   3.386245476566147E-7     7.165693106415729E-7     1.1955229417262717E-8    -7.67514021954435E-7     1.8567508148401925E-7    5.014889930114271E-15
0.499105601816878         0.0127                   3.389453211690089E-7     7.164405795318372E-7     1.0382529697524063E-8    -7.673234754198821E-7    1.8854227648758355E-7    5.089679404325373E-15
0.49930280090843904       0.0127                   3.3917484543610273E-7    7.163477477404644E-7     9.257578611571649E-9     -7.671826005119645E-7    1.905913170201159E-7     5.143147581626935E-15
0.4995                    0.0127                   3.394044162085038E-7     7.162542963744953E-7     8.132709880679586E-9     -7.67037918441769E-7     1.9263864007372223E-7    5.196571862698703E-15
0.500697199091561         0.0127                   3.407995647181934E-7     7.156703040892238E-7     1.2934318320202871E-9    -7.660517646935436E-7    2.0509849205289328E-7    5.5218359268114745E-15
0.5008943981831219        0.0127                   3.4102954188711386E-7    7.155714242797797E-7     1.6937910539225546E-10   -7.658738374128058E-7    2.0713022931555218E-7    5.574885407456559E-15
0.5005                    0.0127                   3.405696338327897E-7     7.157685637953254E-7     2.417586238754924E-9     -7.662258904740259E-7    2.030649140969388E-7     5.4687428661559716E-15
0.5011700623999762        0.0127                   3.4135110402501405E-7    7.154321609549404E-7     -1.401756354733424E-9    -7.656187435330863E-7    2.099672727992168E-7     5.648980002098535E-15
0.5014457266168306        0.0127                   3.416727564595739E-7     7.152916855360342E-7     -2.9726803134515328E-9   -7.653562252346983E-7    2.128006380343256E-7     5.722981962689113E-15
0.5017964891376292        0.0127                   3.4208216602960007E-7    7.151111881664656E-7     -4.97124841341684E-9     -7.650114600525909E-7    2.1640049525071196E-7    5.817033105867621E-15
0.5021472516584274        0.0127                   3.424917214814654E-7     7.149287276209081E-7     -6.969446610203546E-9    -7.646546836619393E-7    2.1999422313625427E-7    5.910936565951356E-15
0.502503845201124         0.0127                   3.429082346779084E-7     7.147412210750287E-7     -9.000467513699131E-9    -7.642796695746314E-7    2.236413093499941E-7     6.006241748964774E-15
0.5028604387438206        0.0127                   3.4332489827965376E-7    7.145516847303577E-7     -1.1031074058641206E-8   -7.638922533470368E-7    2.2728185830131262E-7    6.101394850768522E-15
0.5032170322865172        0.0127                   3.4374171210173575E-7    7.143601181864503E-7     -1.306125008625193E-8    -7.634924411520213E-7    2.309157681540973E-7     6.196378048146777E-15
0.5035736258292137        0.0127                   3.4415867595928016E-7    7.141665210504072E-7     -1.5090979438711678E-8   -7.630802394215463E-7    2.3454293730205684E-7    6.2912002723519755E-15
0.5039302193719103        0.0127                   3.4457578966745815E-7    7.139708929331069E-7     -1.712024595877362E-8    -7.626556547181296E-7    2.3816326425735039E-7    6.385841882838362E-15
0.5042868129146069        0.0127                   3.449930530415328E-7     7.137732334529722E-7     -1.9149033490491384E-8   -7.622186938631079E-7    2.417766477692905E-7     6.480325287080765E-15
0.5046434064573033        0.0127                   3.4541046589681314E-7    7.135735422322004E-7     -2.1177325878662285E-8   -7.617693638082325E-7    2.453829867093506E-7     6.57462744276904E-15
0.5049999999999999        0.0127                   3.458280280486997E-7     7.133718189005265E-7     -2.320510696972343E-8    -7.613076717637824E-7    2.4898218019346467E-7    6.668757646594644E-15
0.5050912627165931        0.0127                   3.459349183873136E-7     7.13319865366152E-7      -2.3723991330982798E-8   -7.611875253976505E-7    2.4990215850914645E-7    6.692815280356213E-15
0.5051825254331864        0.0127                   3.460418184896412E-7     7.13267778698892E-7      -2.4242840873647198E-8   -7.610665699304957E-7    2.5082166051297687E-7    6.716864347371793E-15
0.5061370272410274        0.0127                   3.471604534553655E-7     7.127150335444173E-7     -2.966724940298184E-8    -7.597530642859228E-7    2.604096195381107E-7     6.9676838551258286E-15
0.5070915290488685        0.0127                   3.482801525731661E-7     7.121477179799078E-7     -3.508750991755985E-8    -7.583512189111293E-7    2.6994337025119846E-7    7.217162449434891E-15
0.5170745071496932        0.0127                   3.600537131750889E-7     7.053394974598514E-7     -9.144463824020898E-8    -7.384427391077131E-7    3.658911010973466E-7     9.733666307813693E-15
0.5270574852505179        0.0127                   3.719392815316509E-7     6.969318153640643E-7     -1.4696165500718158E-7   -7.091553109013357E-7    4.536161927922703E-7     1.2041353536727055E-14
0.5448220252386574        0.0127                   3.933530107195295E-7     6.780100922885646E-7     -2.424955007165634E-7    -6.351453435498704E-7    5.829598735998149E-7     1.545692088103958E-14
0.562586565226797         0.0127                   4.1508686294677213E-7    6.540355210283493E-7     -3.3235546711207894E-7   -5.355960174447601E-7    6.712783620818587E-7     1.7803281319700583E-14
0.6033909983941066        0.0127                   4.6606559392722054E-7    5.803711601309326E-7     -5.047649646871229E-7    -2.4308163253617934E-7   6.906861721168726E-7     1.8358227115746355E-14
0.644195431561416         0.0127                   5.183711610671702E-7     4.816078908552571E-7     -6.191431366221191E-7    1.0041214592536401E-7    4.570512269195003E-7     1.221315407882442E-14
0.7283885448664271        0.0127                   6.29126320974658E-7      2.1442629004578426E-7    -6.276453244385098E-7    5.934522294442484E-7     -1.911558900268261E-7    -4.938863467536977E-15
0.812581658171438         0.0127                   7.427702452506469E-7     -1.253296194399824E-7    -3.158265612936565E-7    5.567975019495225E-7     -5.354428717689041E-7    -1.4141900952496865E-14
0.9062908290857189        0.0127                   8.710928037807172E-7     -5.530065380095194E-7    2.7912006327512063E-7    -2.3317015665149878E-8   -1.9896308905005394E-7   -5.310658879283472E-15
1                         0.0127                   9.999999999999993E-7     -9.999999999999997E-7    9.999999999999997E-7     -9.999999999999993E-7    9.999999999999991E-7     2.6476753886454945E-14
0.1695714285714286        0.0127                   4.6663349907803155E-8    2.3426838297273825E-7    5.137484208422658E-7     7.841326312695006E-7     7.630768324076296E-7     1.9428734157844333E-14
0.1696428571428571        0.0127                   4.6701026563028455E-8    2.3442988871535107E-7    5.140206373376386E-7     7.843443662963717E-7     7.62928142159355E-7      1.94249809894378E-14
0.16971428571428565       0.0127                   4.673872155756371E-8     2.3459142469934168E-7    5.142927488361276E-7     7.845555712602036E-7     7.627784506183189E-7     1.942120153109712E-14
0.1697857142857142        0.0127                   4.677643488907339E-8     2.3475299087631644E-7    5.145647551597418E-7     7.84766245871221E-7      7.626277578779146E-7     1.9417397454388194E-14
0.16985714285714282       0.0127                   4.6814166555221936E-8    2.3491458719788436E-7    5.148366561305358E-7     7.849763898399382E-7     7.624760640323784E-7     1.941356752401986E-14
0.16992857142857137       0.0127                   4.6851916553673874E-8    2.3507621361565932E-7    5.151084515706569E-7     7.851860028774413E-7     7.623233691776113E-7     1.9409712638360126E-14
0.16999999999999996       0.0127                   4.688968488209372E-8     2.3523787008125818E-7    5.153801413022989E-7     7.853950846951046E-7     7.621696734103548E-7     1.940583042031614E-14
0.17007142857142854       0.0127                   4.692747153814601E-8     2.353995565463032E-7     5.156517251477482E-7     7.856036350048744E-7     7.62014976829013E-7      1.940192321663216E-14
0.1701428571428571        0.0127                   4.696527651949532E-8     2.3556127296241899E-7    5.159232029293381E-7     7.858116535189854E-7     7.618592795328339E-7     1.9397987807398115E-14
0.17021428571428568       0.0127                   4.700309982380626E-8     2.357230192812359E-7     5.161945744694936E-7     7.860191399502453E-7     7.617025816227239E-7     1.9394028189771277E-14
0.17028571428571426       0.0127                   4.704094144874339E-8     2.3588479545438653E-7    5.164658395906872E-7     7.862260940117496E-7     7.615448832004338E-7     1.9390040812998555E-14
0.17035714285714285       0.0127                   4.707880139197137E-8     2.3604660143350871E-7    5.167369981154832E-7     7.864325154171673E-7     7.613861843693737E-7     1.9386029134623953E-14
0.17042857142857143       0.0127                   4.711667965115483E-8     2.3620843717024342E-7    5.170080498664929E-7     7.866384038804557E-7     7.612264852337972E-7     1.9381990499646884E-14
0.2995714285714286        0.0127                   1.3632413667649844E-7    5.305348000229961E-7     7.698037527685338E-7     4.397992886229789E-7     -3.284288393071732E-7    -8.32949310749859E-15
0.2996428571428572        0.0127                   1.3638403038349018E-7    5.306814668145151E-7     7.697731128644083E-7     4.3925347139752697E-7    -3.2912037346051196E-7   -8.347164817035394E-15
0.2997142857142858        0.0127                   1.3644393823078986E-7    5.308280851683228E-7     7.697421881020403E-7     4.387073100318465E-7     -3.298114008178149E-7    -8.364821634073851E-15
0.2997857142857144        0.0127                   1.3650386021613042E-7    5.309746550479099E-7     7.6971097847275E-7       4.3816080496223653E-7    -3.3050192038699054E-7   -8.382466216240657E-15
0.29985714285714293       0.0127                   1.3656379633724485E-7    5.311211764167718E-7     7.696794839679274E-7     4.3761395662515655E-7    -3.3119193117631706E-7   -8.400097310977838E-15
0.29992857142857154       0.0127                   1.3662374659186647E-7    5.312676492384188E-7     7.696477045791043E-7     4.3706676545738726E-7    -3.3188143219479734E-7   -8.41771522777374E-15
0.3000000000000001        0.0127                   1.3668371097772824E-7    5.314140734763646E-7     7.696156402978792E-7     4.365192318958716E-7     -3.325704224518015E-7    -8.43531827580627E-15
0.30007142857142866       0.0127                   1.3674368949256338E-7    5.315604490941362E-7     7.69583291115991E-7      4.3597135637787013E-7    -3.332589009574301E-7    -8.452909740939165E-15
0.30014285714285727       0.0127                   1.3680368213410554E-7    5.317067760552676E-7     7.695506570252482E-7     4.3542313934080526E-7    -3.3394686672215404E-7   -8.47048706566497E-15
0.30021428571428577       0.0127                   1.368636889000876E-7     5.318530543233019E-7     7.695177380175977E-7     4.348745812224188E-7     -3.346343187571721E-7    -8.488050950137043E-15
0.3002857142857144        0.0127                   1.3692370978824345E-7    5.319992838617912E-7     7.694845340850579E-7     4.34325682460611E-7      -3.3532125607406066E-7   -8.505605916751116E-15
0.30035714285714293       0.0127                   1.3698374479630605E-7    5.321454646342975E-7     7.694510452197842E-7     4.3377644349360165E-7    -3.3600767768512445E-7   -8.52314700251767E-15
0.30042857142857143       0.0127                   1.3704379392200903E-7    5.322915966043896E-7     7.694172714140007E-7     4.3322686475977064E-7    -3.366935826030446E-7    -8.540680204208215E-15
0.4995714285714286        0.0127                   3.394875932594396E-7     7.162203059306617E-7     7.72438438464044E-9      -7.669842429994246E-7    1.9338538260763914E-7    5.21606237185621E-15
0.4996428571428576        0.0127                   3.3957077843823063E-7    7.161862070843165E-7     7.316073946489621E-9     -7.669299017349054E-7    1.9413182053501996E-7    5.235545211703483E-15
0.49971428571428617       0.0127                   3.396539717428874E-7     7.161519998306525E-7     6.9077787394022475E-9    -7.668748946965567E-7    1.948779527498174E-7     5.2550219292317784E-15
0.49978571428571467       0.0127                   3.3973717317142217E-7    7.161176841648794E-7     6.499498936545415E-9     -7.66819221933284E-7     1.9562377814642658E-7    5.274489735956308E-15
0.4998571428571432        0.0127                   3.398203827218473E-7     7.160832600822139E-7     6.091234711091166E-9     -7.667628834942788E-7    1.9636929561945374E-7    5.293949629497561E-15
0.4999285714285717        0.0127                   3.39903600392175E-7      7.160487275778895E-7     5.682986236211957E-9     -7.667058794292922E-7    1.9711450406393498E-7    5.313402088424041E-15
0.5000000000000003        0.0127                   3.3998682618041737E-7    7.160140866471475E-7     5.274753685079965E-9     -7.666482097883595E-7    1.978594023751272E-7     5.3328467822463434E-15
0.5000714285714288        0.0127                   3.4007006008458683E-7    7.159793372852463E-7     4.866537230869404E-9     -7.665898746220784E-7    1.9860398944871574E-7    5.352282429110499E-15
0.5001428571428574        0.0127                   3.401533021026962E-7     7.159444794874518E-7     4.458337046754049E-9     -7.665308739813292E-7    1.9934826418061225E-7    5.3717113595795936E-15
0.5002142857142859        0.0127                   3.4023655223275785E-7    7.15909513249046E-7      4.050153305909273E-9     -7.664712079175544E-7    2.0009222546715922E-7    5.391132589543506E-15
0.5002857142857144        0.0127                   3.403198104727851E-7     7.158744385653187E-7     3.6419861815118096E-9    -7.664108764824805E-7    2.008358722049244E-7     5.410546947974926E-15
0.500357142857143         0.0127                   3.404030768207907E-7     7.158392554315766E-7     3.233835846735822E-9     -7.663498797283931E-7    2.0157920329091567E-7    5.4299545546547225E-15
0.5004285714285714        0.0127                   3.404863512747877E-7     7.158039638431352E-7     2.8257024747580623E-9    -7.662882177078645E-7    2.0232221762236203E-7    5.449352005725882E-15
